{'periodicidad': 162.48768217176047,
 'nivel_1': 1501,
 'nivel_2': 1001,
 'benef': 56425.74821581459}
