{'periodicidad': 172.77635806601137,
 'nivel_1': 1031,
 'nivel_2': 1508,
 'benef': 61414.08057727425}
