{'periodicidad': 178.89361197142426,
 'nivel_1': 1496,
 'nivel_2': 994,
 'benef': 57262.518174736455}
