{'periodicidad': 169.9591639589791,
 'nivel_1': 993,
 'nivel_2': 1523,
 'benef': 61142.376675656706}
