{'periodicidad': 165.629957928881,
 'nivel_1': 1070,
 'nivel_2': 1470,
 'benef': 62006.91302597619}
