{'periodicidad': 161.65371542849738,
 'nivel_1': 1005,
 'nivel_2': 1480,
 'benef': 61537.93718629534}
