{'periodicidad': 170.10772180076327,
 'nivel_1': 1529,
 'nivel_2': 997,
 'benef': 56924.42591410899}
