{'periodicidad': 170.89754956500875,
 'nivel_1': 938,
 'nivel_2': 1467,
 'benef': 61985.738664631484}
