{'periodicidad': 163.67125150143673,
 'nivel_1': 1461,
 'nivel_2': 1000,
 'benef': 57533.00407797991}
